6
6
6
7
7
7
7
7
7
7
7
8
8
8
9
9
9
9
9
9
9
10
10
10
10
11
11
11
11
12
12
12
12
12
12
12
12
13
13
13
13
14
14
14
14
14
14
15
15
15
15
15
15
15
16
16
16
17
17
17
17
17
18
18
18
18
18
18
19
19
19
19
20
20
20
20
20
21
21
21
21
21
21
21
22
22
22
22
22
22
22
23
23
23
24
24
24
24
24
24
25
26
26
26
26
27
27
27
28
28
28
29
29
29
29
30
30
30
30
30
30
31
31
31
31
31
31
31
31
32
32
32
32
32
33
33
33
33
33
33
33
33
33
33
34
34
34
35
35
35
35
35
35
35
35
36
36
36
37
37
37
38
38
38
38
38
39
39
39
39
40
40
40
41
41
41
41
41
41
42
42
42
42
43
43
43
43
44
44
44
44
44
44
45
45
45
45
45
45
45
46
47
47
47
48
48
48
49
49
49
50
50
50
51
51
51
52
52
52
52
53
53
54
54
54
54
54
54
54
55
55
56
56
56
56
57
57
58
58
58
58
58
58
59
59
59
60
60
60
61
61
61
62
62
63
63
63
63
64
65
65
65
65
66
66
66
66
66
67
67
67
67
68
68
68
68
68
68
69
69
70
70
70
70
71
71
72
72
72
72
72
73
73
73
74
74
74
74
75
75
75
75
76
76
76
76
77
77
78
78
78
78
78
78
79
79
79
80
80
80
80
80
81
81
81
81
82
82
82
82
82
83
84
84
85
85
86
86
86
86
86
87
87
87
87
87
87
88
88
88
88
88
88
88
88
89
89
89
89
89
90
90
90
90
90
90
90
91
91
92
92
93
93
93
93
94
94
94
95
96
96
96
96
96
96
96
97
97
98
98
98
99
99
99
99
99
99
100
101
101
102
102
102
102
102
102
102
103
103
103
104
104
104
104
104
105
105
105
105
105
105
105
105
106
106
106
107
107
107
107
108
108
108
108
108
108
109
109
109
109
109
109
110
110
110
111
111
111
111
112
112
112
113
113
113
113
113
113
113
114
114
114
115
116
116
116
116
117
117
117
117
118
119
119
119
119
120
120
120
120
121
121
121
121
121
122
122
122
122
123
123
123
123
123
123
123
124
124
125
125
125
126
126
126
126
126
126
126
126
126
126
126
127
127
128
128
129
129
129
130
130
130
130
131
132
132
132
132
132
132
133
133
133
133
133
133
134
134
135
135
135
135
135
135
135
136
136
137
137
137
137
137
137
137
138
138
138
139
139
140
140
140
140
140
140
140
140
140
141
141
141
141
142
142
142
143
143
144
144
144
144
144
145
145
145
145
145
146
147
147
147
147
147
147
147
148
148
148
149
149
149
150
150
150
151
151
151
151
151
151
151
152
152
152
152
153
153
153
153
153
153
154
155
155
155
156
156
156
156
157
157
157
157
157
157
157
158
159
159
160
160
160
160
160
160
160
161
161
161
162
162
163
163
163
164
164
164
164
164
165
165
165
165
165
166
166
166
166
166
167
167
168
168
168
168
168
169
169
169
169
169
169
170
170
170
170
171
171
171
171
171
171
171
171
171
171
172
172
173
173
173
173
173
174
174
174
174
174
175
175
175
175
175
176
176
176
177
177
177
177
177
178
178
179
179
179
179
180
180
181
181
181
181
182
182
183
183
183
184
184
184
185
185
185
185
186
187
187
187
187
187
188
188
188
188
189
189
189
190
190
190
190
190
190
190
191
191
191
191
191
191
191
192
192
192
192
192
193
193
194
194
194
195
195
195
195
195
196
196
196
196
197
197
197
197
198
198
198
198
199
199
199
200
200
200
201
201
202
202
203
204
204
204
205
205
205
206
206
206
207
207
207
207
207
207
208
209
209
210
210
210
211
211
211
211
212
212
212
213
213
213
214
214
214
214
214
214
215
215
215
215
215
215
216
216
216
216
217
218
218
218
218
219
219
220
220
220
220
220
221
221
221
221
222
222
222
222
222
222
222
222
222
222
223
223
224
224
224
225
225
225
226
227
227
228
228
228
228
229
230
230
231
231
231
231
231
231
232
232
232
233
233
233
233
233
234
234
234
234
234
235
235
236
236
237
237
239
239
239
239
240
240
240
241
241
242
242
243
243
243
243
244
244
244
245
245
246
246
246
247
247
248
249
249
249
249
249
250
250
250
250
250
250
251
251
251
251
251
251
252
252
252
252
252
253
253
254
254
254
255
255
255
255
255
256
256
256
256
256
256
256
256
256
257
257
257
257
258
258
258
258
258
258
259
259
259
259
259
260
260
260
260
260
260
261
261
262
262
262
262
262
262
263
263
263
263
264
264
264
264
264
264
265
265
266
266
266
266
266
267
267
267
267
267
267
268
268
269
269
269
270
270
270
270
271
271
272
272
272
272
273
273
273
273
274
274
275
275
276
276
276
276
276
277
277
277
277
277
279
279
279
279
279
279
280
280
280
280
281
281
281
281
281
281
281
282
282
282
283
283
283
284
285
285
285
285
285
285
286
286
286
287
288
289
289
289
289
290
290
290
291
291
291
292
292
293
293
294
294
295
296
297
297
297
297
297
298
299
299
300
300
300
300
301
301
301
301
301
303
303
304
304
304
305
305
305
305
306
306
307
308
308
308
308
309
309
310
310
310
311
311
311
312
312
312
312
312
312
312
312
313
313
314
314
314
314
314
315
315
315
315
316
317
317
317
317
317
318
318
319
319
319
319
319
319
319
320
321
321
321
322
322
322
322
322
322
323
323
323
324
324
325
325
325
325
325
325
326
326
326
327
327
327
328
328
328
329
330
330
330
330
331
331
331
331
331
332
333
333
333
333
333
334
334
335
335
336
336
336
336
336
336
336
336
337
337
337
337
338
338
338
338
338
338
338
338
339
340
341
341
342
342
342
342
343
343
344
344
345
345
345
345
345
345
347
347
347
347
347
348
348
349
349
349
349
350
350
350
351
351
351
351
351
352
352
353
353
354
355
355
355
355
356
357
357
357
357
357
357
358
359
359
359
359
360
360
360
361
361
362
362
362
363
363
363
363
363
364
364
364
364
365
365
365
366
366
367
367
368
368
368
369
369
369
369
369
369
369
369
370
370
370
371
371
371
371
372
372
372
373
373
373
373
374
374
375
375
375
375
375
375
375
376
376
376
377
377
377
377
378
379
379
380
380
380
380
381
381
381
381
382
382
382
383
383
383
383
383
384
384
385
385
387
387
387
387
387
388
389
390
390
390
390
390
391
391
391
391
392
392
392
392
392
392
393
393
393
393
393
393
393
393
393
394
395
395
395
395
395
395
395
396
396
397
397
397
397
398
398
399
399
399
399
400
400
400
401
401
402
402
402
402
403
403
403
403
404
404
405
405
406
406
407
407
407
408
408
408
408
409
409
410
410
410
411
411
411
411
412
412
412
412
413
413
413
413
414
414
415
416
416
416
417
417
417
417
418
418
418
419
419
419
421
421
422
422
423
423
423
423
424
424
424
424
426
426
427
428
428
428
429
429
429
429
429
429
430
430
430
431
431
431
431
432
432
433
434
434
434
435
435
435
435
436
436
436
436
436
436
436
436
436
436
436
437
438
438
439
439
440
440
441
442
442
443
443
443
444
444
444
445
445
445
445
446
446
446
447
447
447
447
447
447
447
448
448
448
449
449
449
450
450
450
450
450
450
451
451
451
451
452
453
453
453
454
454
454
454
455
456
456
456
457
457
457
457
458
458
459
459
459
460
461
461
463
463
464
464
465
465
465
465
466
466
467
467
467
468
468
469
469
469
470
470
471
471
471
471
471
472
472
472
472
472
473
474
474
474
474
475
476
477
477
478
478
478
479
479
479
479
479
479
480
480
480
480
480
480
480
481
481
481
481
481
482
482
482
482
482
483
483
483
483
483
484
485
485
487
487
488
488
489
489
489
489
490
490
492
492
492
492
492
492
492
493
494
495
495
495
496
496
496
496
497
498
498
498
499
500
500
500
501
501
501
501
501
501
502
502
502
503
503
503
503
503
504
504
505
505
505
506
507
507
508
508
509
509
509
509
510
510
510
510
510
510
511
512
512
512
513
513
513
513
513
513
514
514
515
516
516
516
517
517
517
517
517
518
518
518
518
519
520
520
520
520
520
520
521
521
521
522
522
522
523
523
523
523
523
524
525
525
525
525
525
526
526
526
526
526
526
527
528
529
530
531
532
534
535
535
536
536
536
536
536
537
538
538
538
538
539
539
539
539
539
540
540
540
541
541
541
541
542
542
542
542
542
543
544
544
544
544
544
545
545
545
546
546
546
547
547
547
547
547
547
548
548
548
548
548
549
549
551
551
551
552
553
553
554
554
555
555
555
555
556
556
556
559
559
559
560
560
561
561
561
561
562
562
562
563
563
565
565
566
566
566
566
566
567
567
567
568
568
569
569
569
570
570
570
570
571
571
571
572
573
573
574
575
575
576
577
577
577
577
578
578
580
580
581
581
582
582
583
583
584
585
585
585
585
587
587
588
589
589
589
589
590
590
590
590
591
591
592
592
592
592
592
592
593
593
593
594
594
595
595
595
596
596
596
596
597
598
599
599
599
599
599
600
600
600
600
600
601
602
602
603
603
603
603
603
603
603
603
604
604
604
605
605
606
608
608
609
609
611
611
612
612
613
614
614
614
615
615
615
616
616
616
616
617
618
619
619
619
619
619
620
620
621
621
621
621
622
622
622
622
623
624
624
624
624
625
626
626
627
627
627
628
629
629
630
630
631
631
632
633
633
633
633
634
634
635
636
636
637
637
638
639
639
639
639
640
640
640
640
641
641
641
642
642
642
643
644
645
645
645
646
646
647
647
647
647
648
648
648
648
648
649
651
651
651
651
652
652
653
653
653
653
653
654
654
654
654
655
656
656
656
657
657
657
657
658
658
659
659
660
660
660
660
660
661
661
661
661
662
662
662
662
663
663
664
664
664
665
665
665
665
667
667
668
669
669
669
670
670
670
670
670
670
670
671
671
671
672
672
672
673
673
674
674
674
675
675
675
676
676
677
677
677
677
677
677
677
678
678
678
678
679
680
680
680
681
681
681
682
682
682
683
683
684
684
684
685
685
686
687
687
688
688
689
690
691
691
691
691
691
692
692
692
693
693
694
694
695
696
696
696
697
697
697
697
698
698
698
699
699
699
699
699
699
700
700
700
701
701
702
702
703
703
703
703
704
704
704
704
704
704
706
706
706
707
707
709
709
710
711
711
711
712
713
713
713
713
714
714
714
715
716
716
717
717
717
717
720
720
721
721
721
721
722
722
722
723
723
723
724
725
725
725
725
726
726
728
729
729
730
731
731
735
735
736
737
737
737
737
738
738
738
738
739
740
740
740
740
740
741
741
741
742
742
742
743
743
744
745
745
746
747
747
747
747
748
748
748
750
750
751
751
751
752
752
753
753
754
755
756
757
757
757
757
758
758
758
759
759
759
759
759
760
760
760
760
760
761
761
761
762
763
764
764
764
764
764
765
765
765
766
766
766
767
767
768
768
768
769
770
770
770
771
771
773
773
773
774
774
774
775
776
776
776
776
776
776
777
777
777
778
778
779
780
780
780
781
781
781
782
783
784
784
786
787
787
787
787
788
788
789
790
790
790
791
791
792
792
792
793
793
793
793
793
794
794
795
795
796
796
796
797
798
799
799
799
799
800
800
800
801
801
801
801
801
802
802
802
804
804
804
805
805
805
806
806
807
807
807
807
808
809
809
809
810
810
811
813
814
815
816
816
818
818
818
819
819
819
819
819
822
822
822
823
823
824
824
825
825
825
826
826
828
828
828
829
829
830
830
830
831
831
832
833
833
834
834
834
835
836
836
837
837
838
839
840
840
841
841
841
841
842
842
842
842
842
843
844
844
844
844
845
845
845
845
846
847
847
848
848
848
848
849
849
849
850
851
852
852
852
852
853
853
853
854
854
854
854
855
855
855
855
856
856
857
857
857
857
857
858
859
859
859
860
860
860
861
861
861
861
862
862
862
862
863
863
863
863
864
864
865
865
865
866
867
867
867
868
869
869
870
870
872
872
872
873
873
873
874
874
874
874
874
875
875
876
877
879
879
879
880
880
881
881
881
882
882
883
883
884
884
884
885
885
885
886
886
887
887
887
888
888
889
889
890
891
892
892
892
892
893
894
894
894
896
897
897
898
898
898
900
901
901
902
902
902
903
903
904
905
906
906
907
908
908
910
910
910
912
912
912
913
914
914
914
915
915
916
917
917
918
918
918
918
918
919
919
919
921
921
921
921
923
923
924
924
925
925
926
927
927
927
928
929
929
930
931
931
931
932
934
934
934
935
935
935
935
936
937
937
937
937
938
938
939
941
942
943
943
943
944
944
945
946
946
946
947
947
947
947
948
949
950
951
953
953
953
953
954
955
955
956
956
959
961
962
964
965
966
966
966
966
966
966
968
969
970
970
970
971
972
972
972
973
973
973
973
974
975
975
975
975
976
976
976
976
977
977
977
977
978
978
978
979
979
979
979
980
981
981
981
983
983
983
984
985
985
986
986
988
988
989
989
990
990
991
992
992
993
994
995
995
995
996
996
996
996
997
997
997
997
998
1000
1001
1002
1002
1003
1003
1003
1003
1004
1004
1004
1004
1005
1006
1006
1006
1008
1008
1010
1010
1011
1011
1012
1013
1014
1015
1016
1017
1019
1020
1020
1020
1021
1021
1022
1023
1024
1025
1025
1026
1027
1027
1028
1029
1029
1029
1030
1030
1030
1032
1032
1033
1033
1034
1034
1035
1035
1035
1037
1037
1037
1038
1039
1040
1040
1040
1041
1042
1042
1042
1043
1043
1043
1043
1044
1044
1044
1044
1045
1045
1046
1046
1046
1047
1047
1047
1047
1048
1048
1048
1048
1049
1050
1050
1050
1051
1051
1051
1051
1052
1053
1053
1054
1055
1056
1057
1058
1059
1059
1059
1060
1061
1062
1064
1064
1064
1064
1064
1064
1065
1065
1066
1067
1068
1068
1069
1070
1070
1071
1071
1072
1072
1073
1073
1074
1075
1075
1076
1076
1077
1077
1078
1078
1078
1078
1078
1079
1080
1080
1080
1080
1080
1081
1081
1081
1082
1082
1082
1082
1083
1083
1083
1084
1085
1086
1086
1087
1088
1088
1088
1089
1090
1091
1091
1091
1092
1092
1092
1092
1092
1093
1093
1093
1094
1094
1094
1095
1095
1096
1096
1097
1097
1097
1098
1098
1099
1099
1099
1099
1099
1100
1101
1101
1103
1104
1105
1105
1107
1107
1108
1108
1110
1111
1111
1111
1112
1112
1113
1113
1113
1116
1118
1118
1121
1121
1121
1122
1122
1123
1123
1123
1124
1124
1125
1126
1127
1127
1127
1127
1128
1128
1128
1128
1128
1129
1129
1130
1130
1130
1131
1132
1133
1134
1134
1135
1135
1135
1135
1135
1136
1137
1138
1138
1139
1141
1141
1141
1142
1142
1142
1143
1143
1143
1144
1144
1144
1145
1146
1148
1148
1148
1149
1149
1151
1151
1151
1152
1154
1154
1155
1156
1156
1157
1157
1157
1158
1158
1160
1160
1162
1163
1163
1163
1164
1164
1165
1166
1167
1168
1168
1169
1169
1170
1170
1171
1171
1171
1172
1172
1172
1172
1172
1173
1173
1176
1176
1176
1177
1178
1179
1179
1180
1180
1180
1180
1180
1181
1182
1184
1186
1187
1187
1187
1187
1188
1188
1188
1189
1189
1189
1190
1191
1192
1192
1192
1193
1193
1194
1194
1195
1195
1196
1196
1196
1196
1197
1198
1200
1202
1202
1202
1202
1202
1202
1203
1203
1204
1204
1204
1205
1205
1205
1206
1208
1210
1210
1211
1212
1212
1213
1215
1215
1216
1217
1218
1218
1218
1219
1219
1221
1221
1222
1223
1223
1223
1224
1225
1225
1226
1226
1227
1230
1231
1231
1232
1232
1233
1234
1234
1235
1237
1237
1237
1239
1239
1240
1240
1240
1241
1242
1243
1244
1245
1245
1245
1246
1246
1247
1248
1250
1251
1252
1254
1256
1256
1257
1258
1258
1258
1260
1260
1260
1260
1260
1264
1265
1266
1266
1268
1270
1270
1271
1273
1275
1277
1277
1277
1277
1277
1277
1278
1278
1279
1279
1279
1280
1282
1282
1282
1282
1284
1285
1285
1286
1287
1287
1288
1288
1288
1291
1291
1291
1293
1293
1293
1293
1295
1295
1295
1297
1297
1297
1298
1299
1300
1300
1301
1302
1302
1302
1303
1306
1306
1307
1307
1307
1308
1308
1309
1311
1311
1313
1314
1315
1315
1317
1318
1319
1320
1320
1322
1322
1322
1323
1323
1323
1324
1324
1324
1324
1325
1327
1328
1329
1329
1330
1330
1331
1332
1332
1334
1334
1335
1335
1335
1337
1337
1338
1339
1341
1341
1341
1343
1344
1344
1344
1347
1347
1347
1348
1349
1349
1349
1349
1349
1350
1352
1352
1352
1353
1353
1353
1354
1354
1355
1356
1356
1359
1359
1360
1361
1361
1361
1361
1361
1362
1363
1363
1364
1365
1365
1367
1367
1368
1368
1369
1371
1371
1371
1371
1372
1372
1374
1374
1374
1376
1376
1377
1377
1379
1379
1379
1379
1380
1380
1380
1380
1381
1381
1382
1383
1384
1384
1385
1385
1386
1387
1388
1389
1392
1392
1393
1393
1394
1394
1394
1395
1395
1395
1396
1396
1396
1397
1398
1399
1399
1399
1400
1401
1403
1404
1405
1406
1406
1407
1407
1409
1410
1412
1413
1414
1414
1415
1415
1416
1417
1417
1420
1421
1423
1424
1425
1426
1428
1429
1429
1429
1430
1430
1431
1431
1431
1433
1433
1435
1435
1435
1436
1436
1436
1437
1438
1440
1441
1442
1444
1446
1446
1450
1452
1455
1456
1456
1457
1457
1458
1458
1459
1459
1461
1461
1462
1463
1463
1463
1463
1463
1463
1464
1464
1464
1466
1466
1467
1467
1467
1468
1468
1470
1470
1471
1472
1473
1475
1479
1480
1480
1480
1481
1485
1487
1489
1489
1492
1492
1493
1493
1493
1495
1495
1495
1495
1495
1496
1496
1497
1500
1500
1500
1501
1502
1502
1502
1502
1503
1503
1503
1504
1504
1504
1504
1504
1505
1506
1506
1506
1507
1510
1514
1514
1515
1516
1518
1519
1519
1521
1523
1523
1525
1525
1527
1528
1528
1529
1529
1529
1530
1531
1531
1531
1535
1535
1536
1536
1538
1538
1540
1540
1541
1541
1542
1542
1544
1545
1545
1545
1546
1549
1550
1550
1552
1552
1552
1552
1555
1556
1557
1557
1559
1559
1561
1561
1563
1564
1564
1565
1566
1566
1567
1572
1573
1574
1574
1577
1579
1580
1581
1582
1582
1584
1585
1585
1585
1585
1586
1586
1586
1588
1588
1595
1595
1596
1596
1597
1597
1598
1599
1600
1601
1601
1601
1601
1602
1603
1603
1604
1606
1606
1606
1608
1608
1610
1610
1611
1611
1613
1613
1614
1615
1616
1618
1618
1619
1620
1623
1623
1624
1624
1624
1625
1626
1626
1627
1628
1630
1630
1631
1631
1632
1633
1634
1635
1635
1635
1637
1637
1638
1640
1642
1643
1644
1647
1647
1647
1648
1649
1650
1652
1653
1654
1655
1655
1657
1657
1658
1658
1660
1661
1662
1662
1663
1663
1666
1668
1669
1670
1670
1671
1672
1673
1673
1673
1675
1675
1676
1676
1678
1678
1680
1680
1681
1683
1686
1686
1688
1694
1694
1696
1696
1696
1698
1698
1698
1698
1698
1699
1699
1700
1700
1701
1703
1704
1705
1706
1707
1708
1708
1711
1712
1712
1718
1718
1720
1720
1722
1722
1724
1724
1724
1724
1725
1726
1726
1728
1729
1729
1730
1731
1732
1735
1736
1737
1738
1740
1740
1741
1742
1744
1745
1746
1746
1746
1747
1748
1749
1750
1751
1752
1753
1753
1754
1754
1756
1759
1759
1760
1762
1762
1763
1763
1763
1766
1767
1767
1768
1769
1769
1769
1770
1772
1772
1773
1773
1775
1777
1779
1779
1780
1781
1783
1784
1788
1789
1789
1791
1794
1795
1796
1796
1797
1799
1800
1800
1801
1805
1806
1808
1808
1810
1812
1812
1812
1815
1815
1816
1816
1817
1819
1819
1822
1822
1823
1824
1824
1825
1826
1828
1828
1830
1830
1831
1832
1833
1833
1833
1834
1834
1835
1835
1836
1837
1838
1839
1839
1839
1841
1842
1843
1843
1843
1844
1846
1846
1847
1848
1849
1849
1849
1849
1850
1850
1850
1851
1851
1852
1852
1855
1857
1860
1861
1861
1861
1862
1863
1863
1863
1864
1865
1867
1868
1868
1870
1870
1871
1872
1873
1874
1874
1877
1877
1878
1879
1879
1880
1881
1881
1882
1883
1887
1889
1889
1889
1891
1894
1894
1895
1895
1896
1897
1897
1898
1900
1902
1902
1903
1904
1904
1904
1906
1910
1910
1911
1912
1912
1913
1915
1915
1918
1919
1920
1921
1921
1921
1921
1922
1925
1927
1927
1927
1928
1929
1930
1930
1930
1932
1932
1934
1935
1935
1936
1937
1938
1939
1939
1940
1943
1943
1945
1946
1947
1948
1949
1950
1952
1953
1954
1955
1959
1962
1962
1964
1964
1967
1969
1970
1970
1972
1975
1975
1976
1980
1981
1981
1984
1986
1987
1988
1989
1989
1991
1991
1992
1992
1992
1995
1996
2001
2002
2008
2009
2009
2012
2013
2014
2014
2014
2015
2016
2017
2019
2023
2023
2024
2024
2025
2026
2026
2028
2031
2031
2035
2037
2037
2037
2038
2039
2041
2045
2047
2048
2048
2050
2053
2054
2055
2055
2057
2057
2059
2059
2061
2061
2063
2063
2063
2069
2070
2073
2076
2081
2085
2085
2086
2086
2091
2092
2094
2096
2099
2099
2099
2100
2101
2101
2102
2102
2104
2105
2109
2109
2111
2115
2116
2116
2117
2117
2120
2121
2126
2126
2127
2129
2130
2130
2132
2132
2132
2133
2133
2136
2136
2137
2138
2140
2140
2143
2143
2147
2151
2152
2152
2152
2153
2154
2157
2158
2160
2161
2167
2168
2172
2172
2173
2173
2176
2177
2178
2178
2179
2182
2183
2184
2186
2187
2188
2191
2191
2191
2195
2196
2196
2198
2198
2203
2204
2205
2206
2207
2207
2208
2208
2208
2209
2210
2213
2213
2213
2214
2216
2216
2217
2217
2220
2225
2225
2228
2228
2229
2231
2234
2235
2236
2237
2239
2242
2242
2245
2253
2253
2254
2255
2255
2256
2256
2258
2266
2267
2269
2270
2274
2274
2276
2281
2281
2283
2285
2287
2288
2291
2293
2294
2295
2298
2301
2303
2308
2309
2315
2315
2316
2318
2320
2324
2324
2326
2330
2330
2333
2334
2334
2337
2338
2343
2344
2346
2350
2350
2351
2352
2355
2356
2356
2356
2357
2360
2360
2365
2376
2377
2378
2378
2378
2382
2383
2386
2386
2387
2388
2388
2390
2392
2392
2393
2398
2399
2401
2401
2402
2404
2405
2408
2408
2408
2409
2414
2416
2416
2417
2418
2418
2423
2424
2429
2429
2429
2431
2432
2434
2441
2441
2441
2443
2448
2451
2457
2460
2461
2462
2464
2464
2464
2465
2465
2465
2467
2468
2472
2474
2476
2478
2484
2484
2484
2485
2485
2485
2491
2493
2493
2496
2497
2503
2503
2504
2504
2505
2508
2512
2512
2517
2520
2531
2535
2541
2542
2542
2546
2547
2548
2549
2551
2553
2554
2557
2558
2559
2562
2563
2566
2567
2570
2573
2576
2577
2577
2580
2591
2593
2593
2596
2598
2600
2602
2602
2604
2604
2605
2605
2606
2607
2607
2613
2615
2618
2619
2621
2624
2624
2630
2632
2632
2635
2637
2638
2645
2650
2651
2651
2652
2652
2656
2658
2658
2659
2661
2664
2665
2666
2669
2674
2674
2676
2676
2677
2678
2685
2686
2686
2688
2688
2692
2698
2701
2702
2704
2707
2707
2708
2709
2715
2716
2722
2725
2727
2727
2728
2730
2730
2732
2733
2734
2735
2735
2736
2737
2737
2741
2741
2745
2746
2749
2750
2757
2758
2762
2766
2766
2769
2780
2781
2786
2786
2787
2788
2789
2794
2797
2798
2798
2801
2802
2804
2809
2815
2815
2815
2819
2819
2826
2827
2828
2828
2832
2837
2838
2841
2841
2843
2854
2855
2856
2858
2859
2861
2871
2874
2877
2878
2881
2882
2883
2887
2888
2891
2894
2899
2905
2910
2910
2911
2920
2927
2928
2933
2938
2947
2947
2948
2948
2957
2958
2959
2961
2964
2965
2966
2968
2970
2970
2973
2973
2977
2978
2984
2985
2985
2986
2989
2990
2990
2996
2999
3000
3001
3005
3006
3007
3008
3008
3012
3026
3027
3028
3030
3031
3035
3038
3038
3038
3040
3043
3044
3048
3048
3049
3053
3058
3059
3064
3064
3065
3067
3067
3068
3072
3074
3077
3079
3080
3090
3090
3091
3092
3092
3093
3099
3101
3101
3102
3113
3126
3130
3133
3136
3138
3138
3139
3139
3139
3145
3148
3150
3151
3155
3155
3155
3165
3167
3167
3179
3185
3188
3189
3195
3197
3212
3214
3218
3224
3226
3226
3227
3231
3235
3241
3242
3243
3244
3259
3266
3271
3274
3274
3276
3280
3282
3282
3282
3284
3284
3289
3291
3291
3295
3299
3300
3304
3308
3316
3317
3317
3322
3325
3329
3331
3334
3335
3337
3338
3339
3345
3347
3352
3354
3361
3368
3370
3370
3372
3373
3374
3374
3377
3382
3386
3388
3400
3401
3407
3416
3419
3419
3424
3425
3429
3438
3451
3453
3455
3456
3462
3466
3466
3473
3475
3476
3486
3489
3492
3494
3498
3499
3499
3500
3501
3502
3509
3513
3514
3515
3516
3523
3526
3547
3561
3567
3569
3569
3570
3576
3586
3589
3599
3605
3612
3615
3617
3619
3622
3624
3626
3630
3635
3638
3640
3641
3643
3644
3646
3647
3660
3672
3679
3679
3689
3697
3697
3699
3700
3709
3711
3718
3718
3718
3721
3723
3726
3731
3733
3735
3739
3739
3740
3746
3747
3748
3751
3769
3770
3773
3776
3776
3785
3785
3789
3796
3803
3810
3820
3822
3822
3827
3828
3829
3836
3848
3854
3864
3881
3887
3895
3899
3906
3923
3928
3929
3935
3936
3945
3946
3950
3953
3962
3968
3978
3985
3987
3989
3990
3998
4001
4003
4010
4012
4022
4025
4030
4033
4041
4043
4049
4050
4052
4061
4070
4074
4090
4100
4108
4111
4129
4132
4133
4135
4147
4165
4176
4190
4196
4198
4208
4225
4226
4244
4248
4250
4261
4276
4292
4293
4316
4318
4319
4319
4333
4336
4338
4340
4346
4366
4381
4386
4388
4389
4400
4409
4413
4418
4421
4426
4432
4434
4458
4467
4472
4487
4488
4504
4510
4510
4513
4523
4532
4539
4550
4551
4555
4563
4568
4575
4589
4606
4612
4612
4628
4628
4628
4640
4643
4649
4650
4662
4671
4682
4699
4734
4735
4739
4745
4748
4768
4773
4782
4783
4800
4813
4823
4855
4872
4883
4883
4895
5050
5078
5111
5132
5150
5151
5155
5164
5167
5230
5238
5250
5259
5309
5310
5337
5354
5362
5366
5384
5437
5461
5461
5463
5473
5481
5521
5523
5549
5555
5559
5587
5605
5648
5693
5755
5824
5860
5893
5938
5978
5997
6006
6079
6194
6214
6216
6219
6261
6313
6331
6382
6408
6501
6507
6530
6682
6728
6738
6908
6908
6924
6929
6941
6957
7240
7308
7325
7381
7686
7816
8007
8216
8263
8497
8791
8829
9097
9406
9648
9745
10483
13684
