9
12
13
15
18
18
18
21
23
24
25
29
30
33
36
36
40
41
43
43
48
54
54
57
57
59
60
65
71
75
77
78
80
83
84
84
85
87
90
90
92
93
93
96
99
100
104
105
105
108
108
112
118
119
120
120
122
126
132
134
136
137
138
140
142
142
144
147
150
153
157
160
162
162
163
165
171
171
173
175
175
177
178
178
183
186
186
189
189
189
195
196
197
198
201
202
210
210
216
220
222
223
223
225
227
237
240
241
243
243
246
249
252
252
253
256
256
258
258
261
261
264
264
267
267
270
273
273
273
283
285
300
300
306
306
306
309
315
318
321
323
324
324
329
333
333
336
337
342
342
345
349
350
350
351
353
357
362
363
363
370
370
375
378
378
382
387
387
389
390
393
396
399
399
402
402
408
411
411
414
415
423
425
428
433
440
441
441
441
445
445
447
450
451
451
456
457
458
459
463
465
465
467
468
472
484
489
492
500
503
504
510
513
513
516
517
523
523
525
525
526
530
531
531
533
533
543
543
546
549
552
558
560
561
564
564
576
580
583
588
589
591
594
595
601
602
606
607
608
614
618
618
618
621
630
632
633
637
648
649
651
653
654
659
660
663
663
663
669
675
675
684
684
686
696
697
698
701
702
705
709
711
714
715
717
723
732
736
737
738
739
742
742
747
749
751
752
755
755
756
757
761
765
766
769
770
770
774
776
778
778
779
782
782
782
785
787
789
794
794
798
800
803
807
811
812
813
826
826
835
840
840
841
851
851
851
853
854
859
861
868
868
869
872
876
880
881
881
885
887
890
890
891
892
901
906
923
924
929
933
933
935
935
935
941
942
943
948
948
977
978
980
983
1002
1008
1010
1013
1020
1032
1032
1035
1036
1040
1044
1047
1056
1058
1062
1063
1065
1072
1072
1072
1074
1092
1097
1102
1107
1108
1111
1114
1116
1118
1119
1122
1123
1126
1128
1129
1131
1131
1142
1143
1145
1146
1146
1151
1152
1154
1155
1172
1173
1174
1185
1188
1194
1194
1197
1202
1207
1209
1220
1220
1222
1223
1227
1230
1235
1236
1242
1244
1244
1246
1258
1262
1263
1263
1266
1273
1274
1276
1286
1293
1293
1306
1308
1309
1309
1310
1317
1319
1320
1322
1322
1324
1329
1330
1347
1347
1349
1353
1357
1361
1362
1367
1371
1374
1374
1375
1386
1389
1391
1394
1395
1395
1396
1398
1399
1400
1406
1411
1423
1423
1428
1434
1439
1448
1451
1453
1462
1462
1464
1467
1470
1474
1479
1483
1484
1498
1505
1507
1517
1519
1524
1535
1545
1548
1557
1561
1575
1589
1598
1600
1614
1618
1618
1621
1633
1636
1640
1642
1645
1645
1646
1649
1655
1656
1656
1685
1689
1694
1702
1703
1709
1710
1717
1725
1727
1732
1736
1749
1750
1755
1759
1761
1764
1765
1767
1779
1782
1782
1787
1789
1789
1793
1799
1800
1823
1824
1831
1837
1838
1838
1841
1852
1856
1860
1863
1880
1880
1882
1887
1889
1891
1901
1901
1903
1905
1910
1913
1913
1914
1918
1925
1936
1938
1945
1945
1952
1955
1960
1964
1975
1978
1979
1985
1987
1991
1993
1999
2000
2004
2006
2023
2037
2039
2041
2048
2057
2059
2062
2072
2077
2110
2113
2117
2122
2123
2128
2136
2143
2148
2169
2171
2172
2173
2190
2193
2196
2198
2208
2213
2219
2229
2237
2238
2244
2252
2263
2274
2275
2279
2282
2335
2352
2356
2356
2368
2369
2372
2387
2390
2392
2393
2395
2396
2398
2402
2405
2410
2415
2443
2451
2455
2467
2484
2506
2511
2537
2537
2541
2550
2551
2567
2567
2568
2572
2588
2608
2611
2623
2633
2648
2689
2706
2706
2718
2727
2736
2753
2753
2758
2762
2769
2769
2775
2776
2777
2782
2783
2818
2819
2824
2824
2844
2858
2868
2869
2877
2888
2899
2902
2904
2916
2917
2935
2936
2942
2944
2945
2950
2953
2963
2963
2965
2974
3000
3007
3012
3017
3035
3043
3053
3065
3073
3077
3094
3113
3122
3124
3131
3135
3146
3169
3174
3175
3177
3180
3186
3193
3198
3203
3213
3218
3240
3243
3252
3290
3305
3309
3310
3317
3323
3325
3338
3341
3342
3348
3348
3349
3357
3374
3392
3393
3395
3401
3409
3445
3475
3476
3481
3488
3495
3500
3532
3555
3564
3590
3593
3621
3644
3654
3666
3678
3712
3717
3721
3731
3764
3765
3768
3770
3785
3786
3805
3808
3821
3828
3837
3857
3859
3867
3877
3884
3890
3898
3902
3902
3918
3932
3955
3960
3963
3972
3973
3993
4002
4006
4010
4013
4022
4025
4026
4044
4046
4078
4107
4122
4132
4138
4172
4174
4185
4249
4252
4304
4317
4346
4354
4362
4371
4387
4393
4405
4406
4431
4451
4458
4493
4504
4523
4533
4577
4579
4597
4606
4623
4684
4709
4749
4771
4775
4777
4795
4798
4798
4816
4819
4850
4850
4853
4866
4879
4888
4928
4950
4992
5059
5122
5123
5131
5132
5135
5180
5183
5183
5258
5266
5277
5359
5360
5362
5395
5451
5452
5455
5496
5506
5530
5561
5594
5601
5617
5653
5671
5720
5748
5828
5830
5847
5852
5866
5872
5886
5910
5974
5981
5996
6018
6024
6060
6103
6117
6120
6139
6142
6155
6215
6267
6276
6278
6292
6307
6340
6372
6383
6397
6451
6484
6496
6521
6522
6543
6549
6574
6631
6633
6651
6664
6698
6706
6859
6923
6943
6946
6948
6964
6989
7016
7041
7209
7298
7354
7403
7474
7495
7542
7654
7656
7710
7710
7713
7761
7764
7792
7840
7846
7955
8046
8054
8089
8089
8117
8206
8238
8252
8353
8414
8433
8598
8647
8916
8970
8975
9302
9369
9370
9647
9695
9868
9945
9977
10066
10108
10556
10619
10646
10938
11129
11653
12212
12416
12501
12857
12897
12978
14746
18733
19987
20552
24075
